lero-active-1440-dpr1 edge at 5,4
     0   0   0   0   5  55  79  95 100 100 100 100
     0   0   0  37  99 100 100 100 100 100 100 100
     0   0  50  96 100 100 100 100 100 100 100 100
     0  38  97 100 100 100 100 100 100 100 100 100
     5  99 100 100 100 100 100 100 100 100 100 100
    52  98 100 100 100 100 100 100 100 100 100 100
    78 100 100 100 100 100 100 100 100 100 100 100
    95 100 100 100 100 100 100 100 100 100 100 100
   100 100 100 100 100 100 100 100 100 100 100 100
   100 100 100 100 100 100 100 100 100 100 100 100
   100 100 100 100 100 100 100 100 100 100 100 100
   100 100 100 100 100 100 100 100 100 100 100 100
tailadmin-active-1440-dpr1 edge at 5,4
     0   0   0   0  15  40  51  62  67  67  67  67
     0   0   2  36  66  67  67  67  67  67  67  67
     0  12  57  67  67  67  67  67  67  67  67  67
     0  36  67  67  67  67  67  67  67  67  67  67
    15  66  67  67  67  67  67  67  67  67  67  67
    40  67  67  67  67  67  67  67  67  67  67  67
    53  67  67  67  67  67  67  67  67  67  67  67
    63  67  67  67  67  67  67  67  67  67  67  67
    67  67  67  67  67  67  67  67  67  67  67  67
    67  67  67  67  67  67  67  67  67  67  67  67
    67  67  67  67  67  67  67  67  67  67  67  67
    67  67  67  67  67  67  67  67  67  67  67  67
lero-active-390-dpr1 edge at 4,4
     0   0   0   0   5  58  79  97 100 100 100 100
     0   0   0  39  99 100 100 100 100 100 100 100
     0   0  51  96 100 100 100 100 100 100 100 100
     0  40  97 100 100 100 100 100 100 100 100 100
     5  99 100 100 100 100 100 100 100 100 100 100
    56  98 100 100 100 100 100 100 100 100 100 100
    78 100 100 100 100 100 100 100 100 100 100 100
    97 100 100 100 100 100 100 100 100 100 100 100
   100 100 100 100 100 100 100 100 100 100 100 100
   100 100 100 100 100 100 100 100 100 100 100 100
   100 100 100 100 100 100 100 100 100 100 100 100
   100 100 100 100 100 100 100 100 100 100 100 100
ideal8 
     0   0   0   0  19  59  86  98 100 100 100 100
     0   0   4  60 100 100 100 100 100 100 100 100
     0   4  75 100 100 100 100 100 100 100 100 100
     0  60 100 100 100 100 100 100 100 100 100 100
    19 100 100 100 100 100 100 100 100 100 100 100
    59 100 100 100 100 100 100 100 100 100 100 100
    86 100 100 100 100 100 100 100 100 100 100 100
    98 100 100 100 100 100 100 100 100 100 100 100
   100 100 100 100 100 100 100 100 100 100 100 100
   100 100 100 100 100 100 100 100 100 100 100 100
   100 100 100 100 100 100 100 100 100 100 100 100
   100 100 100 100 100 100 100 100 100 100 100 100
EXIT_CODE=0
